F 1819.598384 1851.031742 3.725539 
D C 364.9 -287.9 1415.4 -461.6 1742.8 248.9 1129.7 565.4 538.4 591.2 896.5 1317.5 
W C 1347.0 1890.9 354.8 1447.7 475.9 658.6 1175.9 734.1 1693.9 1044.8 1797.6 225.0 
F 1816.417876 1847.855330 3.725853 
D C 366.0 -288.8 1416.7 -462.0 1741.8 248.8 1129.9 565.4 540.6 593.7 897.6 1319.0 
W C 1344.7 1887.5 357.7 1445.7 480.5 661.5 1176.1 736.1 1691.1 1042.2 1795.0 228.0 
F 1815.323789 1848.351660 3.726570 
D C 366.2 -289.0 1418.2 -462.5 1741.8 248.8 1131.1 566.1 541.5 594.6 900.0 1322.6 
W C 1343.9 1887.6 357.5 1445.3 482.1 662.7 1176.0 736.5 1690.5 1042.5 1795.0 226.4 
F 1816.791359 1847.775793 3.725649 
D C 366.2 -288.9 1417.4 -462.3 1737.0 248.1 1129.5 565.3 540.5 593.6 896.8 1317.9 
W C 1344.3 1887.6 355.8 1445.3 482.9 663.8 1175.8 735.3 1691.2 1041.5 1795.0 227.5 
F 1816.559194 1845.752403 3.724982 
D C 365.1 -288.1 1419.4 -462.9 1739.8 248.5 1128.6 564.8 537.0 589.7 898.0 1319.6 
W C 1346.3 1885.7 355.5 1444.3 481.8 662.6 1176.4 736.4 1691.4 1046.0 1793.7 226.0 
F 1815.995859 1847.564608 3.725944 
D C 365.1 -288.1 1413.4 -460.9 1740.2 248.6 1129.9 565.5 538.2 591.0 896.5 1317.5 
W C 1344.9 1887.1 359.2 1445.8 480.0 661.0 1175.1 734.5 1691.1 1044.7 1794.7 227.9 
F 1816.106638 1848.185055 3.726135 
D C 364.7 -287.8 1418.5 -462.6 1734.9 247.8 1132.6 566.8 539.8 592.8 897.2 1318.4 
W C 1345.6 1887.6 354.5 1444.8 484.7 665.3 1174.1 732.6 1691.1 1043.1 1795.1 227.7 
F 1815.830763 1848.439740 3.726361 
D C 364.9 -287.9 1417.5 -462.3 1738.0 248.2 1131.9 566.5 540.7 593.8 897.5 1318.9 
W C 1345.3 1887.7 356.0 1445.2 483.0 663.7 1174.7 734.0 1690.8 1042.4 1795.2 228.1 
F 1815.660185 1848.149647 3.726332 
D C 365.2 -288.2 1416.6 -462.0 1739.8 248.5 1132.5 566.8 539.6 592.6 898.1 1319.8 
W C 1344.9 1887.5 357.6 1445.4 482.1 662.8 1174.5 733.7 1690.9 1044.1 1795.0 227.5 
F 1817.422987 1848.410584 3.724937 
D C 365.8 -288.6 1417.7 -457.6 1739.7 248.5 1129.9 565.5 539.5 592.4 897.2 1318.4 
W C 1345.4 1888.5 358.1 1442.7 480.3 663.3 1175.3 735.8 1691.4 1043.6 1794.5 227.2 
F 1815.164769 1848.142842 3.726566 
D C 364.1 -287.3 1419.0 -462.8 1739.0 248.4 1133.0 567.0 539.7 592.7 898.8 1320.8 
W C 1346.2 1887.2 355.5 1444.6 483.3 663.7 1174.4 733.8 1690.7 1044.4 1794.9 227.3 
F 1816.183420 1847.396973 3.725787 
D C 364.5 -287.7 1416.9 -462.1 1743.3 249.0 1132.5 566.8 539.1 592.1 896.9 1318.1 
W C 1346.6 1886.9 358.1 1445.5 479.8 660.9 1174.7 733.7 1691.2 1044.5 1794.7 229.6 
F 1816.862929 1846.633786 3.725170 
D C 365.0 -288.0 1423.0 -464.1 1741.8 248.8 1130.1 565.6 541.0 594.1 897.9 1319.5 
W C 1347.1 1886.4 353.6 1444.3 482.2 663.1 1176.7 736.8 1691.1 1041.7 1794.3 228.7 
F 1816.152141 1847.605696 3.725886 
D C 365.2 -288.2 1416.0 -461.8 1740.2 248.6 1131.2 566.1 539.4 592.4 896.8 1317.9 
W C 1345.3 1887.1 357.8 1445.5 481.1 662.0 1175.0 734.3 1691.1 1043.5 1794.8 228.6 
F 1800.762016 1833.025929 3.721295 
D C 352.2 -286.8 1402.9 -457.5 1715.5 250.4 1074.3 550.0 518.5 594.6 878.1 1325.0 
W C 1340.7 1880.9 350.4 1440.3 479.0 662.8 1192.4 765.2 1690.7 1037.3 1791.8 214.5 
F 1770.117716 1814.731243 3.727021 
D C 313.8 -287.5 1365.2 -463.9 1681.8 240.2 1048.8 549.2 488.9 592.9 846.9 1321.6 
W C 1342.2 1882.1 351.1 1440.4 478.6 665.1 1189.3 759.0 1688.8 1036.9 1794.9 217.4 
F 1725.931559 1792.812258 3.726291 
D C 279.2 -282.2 1324.1 -454.4 1640.5 244.6 1000.7 547.8 445.3 586.2 
W C 1333.8 1874.8 358.3 1437.6 481.4 673.0 1188.8 774.3 1677.7 1051.3 
F 1708.623390 1793.383446 3.735592 
D C 260.9 -280.4 1277.2 -447.1 1622.9 242.0 985.4 543.3 432.6 584.3 
W C 1328.1 1881.5 374.1 1442.3 475.3 662.7 1186.0 771.9 1676.5 1052.7 
F 1667.739531 1766.779811 3.731667 
D C 216.5 -277.0 1229.1 -443.0 1564.3 248.0 933.0 544.7 379.5 588.2 
W C 1326.0 1879.0 370.5 1443.6 478.9 665.3 1184.6 772.5 1680.0 1050.6 
F 1642.344379 1749.740570 3.732545 
D C 187.9 -278.9 1197.8 -440.1 1532.9 243.0 902.1 541.6 348.6 590.7 
W C 1323.4 1879.7 372.3 1440.4 477.2 668.2 1184.1 774.2 1683.0 1048.3 
F 1613.774937 1733.883042 3.734262 
D C 155.6 -276.2 1169.5 -441.9 1500.5 242.6 873.3 546.4 318.8 593.1 
W C 1323.9 1879.3 369.3 1440.7 479.5 670.9 1185.1 771.5 1682.2 1048.7 
F 1584.163330 1714.194314 3.731803 
D C 124.8 -274.1 1131.1 -439.3 1466.0 246.2 832.9 546.4 280.4 594.1 
W C 1321.6 1876.4 370.8 1443.2 476.7 668.7 1186.7 774.2 1684.2 1048.6 
F 1572.544870 1706.185704 3.728055 
D C 113.1 -277.2 1117.5 -438.0 1443.4 251.6 818.1 551.1 264.3 597.6 
W C 1318.4 1879.0 368.1 1445.8 481.3 671.0 1186.2 770.2 1686.0 1045.1 
F 1530.110551 1680.670624 3.731082 
D C 67.3 -274.8 1066.3 -436.9 1395.6 247.7 770.4 547.0 214.8 601.8 
W C 1315.7 1877.0 369.8 1444.7 479.6 671.9 1184.6 773.4 1690.4 1044.0 
F 1523.988154 1653.937100 3.715901 
D C 1026.6 -435.5 1364.7 246.5 735.6 539.4 184.2 595.6 
W C 386.2 1454.9 476.0 671.7 1187.9 771.0 1699.0 1032.4 
F 1493.904701 1637.505174 3.712335 
D C 997.1 -433.8 1324.9 251.9 698.2 545.7 146.0 600.5 
W C 378.8 1457.1 477.1 673.7 1189.8 768.6 1703.3 1030.6 
F 1465.394425 1620.646993 3.716612 
D C 958.2 -434.5 1292.7 249.9 666.4 544.3 474.7 1317.1 112.0 603.8 
W C 380.4 1457.4 475.8 668.8 1190.9 766.3 1797.0 198.8 1709.9 1028.7 
F 1428.590727 1606.784264 3.720595 
D C -47.4 -285.1 925.1 -422.9 1257.2 251.0 631.5 545.5 438.5 1317.1 81.6 604.0 
W C 1307.0 1883.5 376.9 1447.6 471.8 667.7 1188.0 767.9 1798.5 203.0 1702.8 1031.4 
F 1400.998940 1587.396753 3.720167 
D C -78.6 -288.4 896.0 -426.3 1220.4 251.5 601.9 546.3 407.1 1316.5 48.0 606.7 
W C 1305.0 1884.6 373.5 1448.4 477.1 670.1 1186.6 765.6 1797.0 203.1 1705.6 1029.2 
F 1365.066736 1558.585129 3.714897 
D C 848.2 -429.4 1172.2 252.8 550.1 540.9 358.9 1316.4 -4.2 609.6 
W C 375.9 1454.7 478.3 671.2 1188.5 771.0 1796.6 197.9 1714.7 1025.2 
F 1348.281318 1550.544141 3.714882 
D C 833.9 -428.6 1149.7 255.4 535.0 545.7 342.8 1320.9 -21.1 610.9 
W C 373.3 1454.2 483.7 674.7 1187.9 768.2 1796.0 196.7 1713.0 1026.2 
F 1320.280218 1535.527800 3.719224 
D C 801.3 -430.7 1119.8 252.3 506.2 542.3 317.0 1321.4 -51.5 614.4 
W C 370.9 1455.2 482.1 673.8 1186.3 770.3 1797.8 194.9 1716.8 1025.9 
F 1271.299678 1507.478553 3.718530 
D C 743.2 -420.3 1069.2 254.8 450.7 543.2 262.7 1326.0 -104.8 612.2 
W C 378.5 1451.8 478.0 672.7 1185.9 772.9 1798.4 192.9 1713.2 1029.8 
F 1258.460302 1497.115045 3.720219 
D C 724.6 -421.6 1054.6 251.3 437.8 541.0 248.2 1316.0 -122.5 613.4 
W C 379.8 1451.7 476.1 671.0 1184.3 770.5 1795.7 198.4 1718.2 1028.4 
F 1215.886177 1471.182934 3.719992 
D C 681.4 -422.0 1006.0 252.8 390.4 541.0 199.3 1322.5 -167.7 618.9 
W C 376.8 1451.2 478.5 673.6 1183.3 773.3 1798.2 197.4 1717.2 1024.5 
F 1201.994072 1465.332300 3.718595 
D C 664.2 -417.0 990.9 255.5 375.1 544.0 182.3 1319.4 -184.1 619.0 
W C 378.0 1451.9 475.8 672.3 1183.5 771.2 1797.8 198.8 1719.0 1025.7 
F 1184.617755 1444.377854 3.707018 
D C 632.6 -416.4 954.7 261.8 340.5 546.0 145.9 1324.3 
W C 385.7 1457.8 482.2 671.5 1189.9 765.5 1803.2 182.2 
F 1156.996505 1427.729284 3.709385 
D C 600.0 -416.4 924.3 259.6 313.0 545.7 117.1 1324.1 
W C 386.7 1457.7 481.8 672.0 1188.2 764.4 1804.4 182.9 
F 1123.222992 1409.392944 3.712774 
D C 565.1 -415.8 892.5 259.6 281.0 546.6 85.1 1335.0 
W C 387.6 1455.9 481.9 673.1 1185.4 766.7 1806.2 181.3 
F 1081.033413 1386.258391 3.705504 
D C 518.1 -408.9 845.8 268.6 232.5 552.9 27.6 1332.7 
W C 389.6 1458.5 479.4 671.0 1185.3 763.2 1806.7 184.3 
F 1070.764251 1377.700419 3.710062 
D C 506.2 -414.8 830.8 263.9 219.6 550.2 23.5 1330.5 
W C 385.6 1458.9 482.4 671.7 1188.0 764.2 1805.1 182.2 
F 1041.973432 1357.299724 3.705245 
D C 477.6 -411.3 797.6 264.2 186.2 548.0 -17.4 1336.7 
W C 387.4 1454.5 482.2 675.4 1184.1 766.5 1807.3 180.6 
F 1012.726847 1341.606085 3.710169 
D C 442.9 -413.4 768.5 265.0 157.6 551.3 -42.1 1337.7 
W C 387.4 1456.9 482.8 672.9 1184.9 765.0 1805.9 182.2 
F 982.637491 1321.687078 3.706116 
D C 412.3 -411.7 732.1 265.1 123.6 552.2 -83.4 1341.0 
W C 386.9 1455.0 483.3 676.7 1182.8 763.7 1808.1 181.6 
F 969.391487 1313.771784 3.705417 
D C 396.0 -412.7 718.6 267.7 109.5 552.9 -99.9 1340.5 
W C 387.5 1457.6 482.9 674.3 1182.0 762.7 1808.6 182.4 
F 927.116036 1287.261618 3.703590 
D C 351.1 -414.0 669.9 270.9 62.8 555.0 -150.2 1344.9 
W C 386.5 1457.8 485.8 675.1 1180.4 761.9 1808.3 182.3 
F 899.153578 1268.778523 3.705165 
D C 320.9 -415.8 639.9 270.2 31.9 553.6 -180.6 1353.2 
W C 386.5 1455.9 487.0 676.1 1178.5 764.7 1809.0 180.2 
F 874.034064 1254.272758 3.703473 
D C 291.5 -415.9 612.0 274.1 1.3 557.3 -209.2 1346.5 
W C 386.0 1459.2 486.5 672.8 1182.3 762.0 1806.1 183.0 
F 848.845971 1234.050728 3.696211 
D C 259.1 -419.8 579.9 274.8 -29.7 560.6 
W C 387.4 1464.5 484.7 670.4 1183.9 752.1 
F 808.610183 1211.055479 3.694804 
D C 214.4 -418.7 534.3 275.6 -76.7 561.9 
W C 385.4 1467.3 482.8 669.1 1187.8 750.6 
F 792.636086 1202.579731 3.692481 
D C 201.0 -417.5 520.5 278.7 -95.3 567.1 
W C 387.1 1463.3 483.0 672.0 1185.9 751.7 
F 751.855930 1177.923292 3.690589 
D C 156.5 -420.1 471.2 282.9 -139.0 568.0 
W C 385.4 1465.4 487.6 671.7 1183.0 749.9 
F 736.340203 1171.622588 3.689196 
D C 142.9 -418.5 452.7 285.2 -155.2 572.6 
W C 383.3 1465.5 489.1 673.8 1183.6 747.7 
F 701.004910 1154.702696 3.688380 
D C 110.2 -416.7 423.6 285.4 
W C 382.7 1460.7 482.3 679.3 
F 658.950044 1127.760678 3.680357 
D C 66.5 -419.3 375.4 287.9 
W C 383.0 1458.1 482.0 681.9 
F 642.798487 1116.540302 3.673805 
D C 49.9 -423.1 356.3 291.0 
W C 382.9 1458.7 482.1 681.3 
F 601.407923 1093.492047 3.671443 
D C 4.2 -422.5 309.2 293.0 
W C 383.0 1458.0 482.0 682.0 
F 587.302109 1082.593689 3.666496 
D C -11.4 -425.9 290.8 293.1 
W C 382.9 1458.4 482.1 681.6 
F 560.256530 1067.201613 3.658527 
D C -39.0 -426.5 257.8 295.7 
W C 383.0 1458.3 482.0 681.7 
F 516.399281 1040.710548 3.649654 
D C -86.6 -430.1 204.9 297.1 
W C 383.0 1458.0 482.0 682.0 
F 502.664740 1030.764000 3.646742 
D C -102.3 -432.3 187.1 295.9 
W C 382.9 1459.1 482.1 680.9 
F 460.435585 1007.941953 3.636431 
D C -146.8 -436.5 137.0 299.6 
W C 383.0 1458.0 482.0 682.0 
F 449.077607 999.669189 3.649104 
D C -165.7 -434.5 126.2 295.0 
W C 383.0 1458.3 482.0 681.7 
F 412.409592 973.414243 3.746824 
D C 111.4 279.3 
W C 
F 359.596384 938.287443 3.905744 
D C 87.3 262.1 -513.4 1503.6 
W C 480.9 682.4 1806.1 189.6 
F 349.153675 925.473783 3.934097 
D C 78.5 256.7 -485.0 1510.9 
W C 480.5 682.6 1806.5 189.4 
F 327.367674 876.936572 4.034133 
D C 53.9 237.6 -385.1 1552.8 
W C 481.4 682.2 1805.6 189.8 
F 319.961920 860.962480 4.063326 
D C 44.0 233.1 -357.2 1562.8 
W C 481.8 682.1 1805.2 189.9 
F 305.970175 830.552037 4.136016 
D C 28.3 225.5 -276.6 1587.1 
W C 481.7 682.1 1805.3 189.9 
F 285.868376 789.982978 4.236063 
D C 12.0 220.5 
W C 
F 270.351888 748.561916 4.336109 
D C -3.5 218.5 
W C 
F 258.592980 705.207613 4.431503 
D C -31.5 220.8 
W C 
F 258.592980 705.207613 4.431503 
D C 
W C 
F 255.457427 659.502501 4.615309 
D C 122.1 1605.2 
W C 
F 261.460880 615.088237 4.813076 
D C 253.5 1583.1 
W C 
F 275.237031 573.212948 4.996883 
D C 310.7 1567.9 
W C 
F 74.337726 670.156396 4.744285 
D C 493.5 1497.5 -73.5 911.2 
W C 1853.2 146.2 1142.8 790.8 
F 89.070707 665.517156 4.781160 
D C 546.3 1473.2 -45.1 905.1 
W C 1853.6 146.0 1142.4 791.0 
F 152.315007 520.376913 4.994171 
D C 718.3 1366.3 51.8 899.4 -70.7 1510.6 
W C 1826.8 177.1 1124.9 742.2 1737.3 1060.7 
F 224.339393 572.808482 5.036319 
D C 821.0 1281.3 108.2 882.4 
W C 1826.3 170.6 1169.7 766.4 
F 252.994138 543.585193 5.096085 
D C 865.4 1230.7 138.0 879.0 
W C 1817.5 178.7 1178.5 758.3 
F 304.849894 511.167863 5.237325 
D C 990.5 1087.7 221.3 842.1 
W C 1811.3 184.3 1184.7 752.7 
F 320.197995 507.830206 5.283065 
D C 1034.3 1035.8 249.3 824.2 
W C 1812.0 183.7 1184.0 753.3 
F 354.117630 464.283040 5.434444 
D C 1117.9 868.2 321.9 778.7 
W C 1808.2 187.1 1187.8 749.9 
F 374.036296 454.677882 5.523921 
D C 1169.4 756.9 368.4 738.9 
W C 1808.9 186.4 1187.1 750.6 
F 379.290907 439.634883 5.578575 
D C 1186.4 692.7 388.9 718.3 
W C 1810.7 184.8 1185.3 752.2 
F 435.260837 423.865241 5.727318 
D C 1228.1 496.6 441.6 640.4 
W C 1809.8 185.6 1186.2 751.4 
F 431.997998 421.304711 5.769876 
D C 1241.8 441.1 458.4 619.1 
W C 1814.9 181.1 1181.1 755.9 
F 494.935666 407.346516 5.931286 
D C 1244.9 232.8 503.6 533.0 
W C 1809.9 185.6 1186.1 751.4 
F 493.180761 400.825126 6.032555 
D C 1219.6 102.2 521.9 470.9 
W C 1819.0 177.3 1177.0 759.7 
F 557.070688 288.855513 6.199509 
D C 1209.0 41.7 528.2 442.3 598.4 1583.6 
W C 1821.2 226.6 1146.4 703.8 1319.4 1887.5 
F 611.060501 311.071150 6.264762 
D C 1155.2 -77.2 513.9 389.1 -227.3 1102.7 
W C 1826.1 207.3 1159.8 710.9 393.1 1476.8 
F 630.521249 313.438083 6.287764 
D C 1138.0 -104.2 504.8 377.4 -217.7 1107.8 
W C 1824.1 209.7 1158.0 711.5 397.0 1473.8 
F 686.926008 315.529831 6.324395 
D C 1079.7 -145.8 471.7 359.5 -234.2 1119.0 
W C 1820.7 209.7 1164.1 711.2 394.2 1474.0 
F 703.606138 319.194054 6.324621 
D C 1061.5 -150.0 458.2 358.1 -251.2 1114.9 
W C 1819.3 208.4 1166.9 713.3 392.8 1473.3 
F 754.851727 322.763011 0.040326 
D C 1016.0 -149.9 411.8 358.0 -302.9 1118.1 
W C 1818.0 209.4 1168.2 712.4 392.8 1473.1 
F 787.037215 318.247340 0.065396 
D C 985.4 -154.7 381.6 355.0 618.0 1482.2 -325.8 1120.5 
W C 1813.8 225.3 1156.7 710.2 1324.3 1888.7 375.3 1451.9 
F 806.140115 320.118003 0.050832 
D C 965.4 -154.6 363.7 357.6 -338.5 1125.2 
W C 1819.0 210.3 1165.7 711.5 394.3 1473.2 
F 853.332001 325.385717 0.047799 
D C 920.6 -156.1 865.4 667.9 316.4 356.2 -393.2 1128.9 
W C 1807.2 210.2 1710.0 1054.4 1161.1 707.0 393.7 1466.3 
F 880.392145 352.756078 0.015269 
D C 887.6 -156.1 828.7 664.3 284.4 355.9 
W C 1797.4 205.8 1723.8 1050.2 1167.8 724.0 
F 922.759858 353.666973 0.020136 
D C 850.6 -157.7 797.1 663.4 250.3 355.9 
W C 1794.8 210.1 1723.2 1047.6 1171.1 722.3 
F 955.548271 353.669751 0.025424 
D C 818.5 -162.2 765.7 657.4 220.1 357.8 
W C 1796.5 209.2 1721.2 1045.7 1171.3 725.2 
F 971.757057 354.375506 0.028270 
D C 802.3 -166.7 749.5 655.6 206.9 358.1 
W C 1796.9 207.2 1719.1 1046.3 1172.9 726.5 
F 1018.198564 356.134631 0.023607 
D C 758.5 -167.3 700.8 660.0 156.1 358.9 
W C 1799.3 203.1 1720.2 1049.3 1169.5 727.6 
F 1041.313420 359.063068 0.023174 
D C 739.3 -167.8 679.8 660.2 139.5 359.2 
W C 1797.2 205.8 1717.1 1046.5 1174.7 727.6 
F 1090.229236 361.043117 0.022566 
D C 693.8 -171.0 631.8 664.6 94.7 360.3 
W C 1796.5 203.8 1714.6 1048.3 1177.8 727.9 
F 1119.284887 363.298297 0.019243 
D C 666.3 -170.7 595.6 658.1 63.8 362.6 
W C 1800.1 202.8 1711.9 1044.0 1177.0 733.2 
F 1137.073566 363.227435 0.025154 
D C 648.8 -174.7 583.1 656.4 47.9 363.1 
W C 1800.2 202.4 1712.3 1044.5 1176.4 733.1 
F 1183.221188 363.658059 0.025869 
D C 603.7 -176.6 536.2 654.4 -0.3 365.0 
W C 1803.2 199.6 1712.5 1044.8 1173.3 735.6 
F 1218.980598 365.302156 0.024255 
D C 570.1 -174.4 500.0 654.1 -32.9 366.1 
W C 1802.0 202.3 1710.5 1041.6 1176.5 736.1 
F 1249.252492 367.866799 0.022128 
D C 540.6 -176.3 467.2 651.6 -64.7 364.7 
W C 1803.6 200.6 1710.2 1041.8 1175.2 737.7 
F 1281.992617 370.839898 0.084682 
D C 495.0 -211.8 473.4 623.2 -72.1 366.8 
W C 1802.9 198.5 1709.0 1044.4 1177.2 737.1 
F 1302.920097 375.677516 0.121391 
D C 467.3 -233.0 477.6 609.1 -77.0 367.7 
W C 1800.6 199.0 1707.8 1045.6 1180.6 735.4 
F 1347.086577 378.217036 0.313906 
D C 384.1 -301.2 513.5 530.3 421.7 1394.0 -68.8 368.2 
W C 1819.1 205.3 1681.4 1060.9 1316.9 1877.8 1162.6 717.0 
F 1386.470605 401.085094 0.460797 
D C 292.0 -357.5 542.5 445.9 577.0 1315.3 -59.0 372.3 
W C 1819.3 205.1 1682.6 1060.6 1316.5 1878.0 1161.7 717.3 
F 1398.848940 412.401027 0.510368 
D C 255.9 -377.3 547.0 414.2 621.5 1275.8 -54.4 372.7 
W C 1820.1 201.3 1683.0 1062.1 1315.2 1876.6 1161.7 721.0 
F 1422.634329 441.049317 0.560814 
D C 187.9 -402.9 556.5 357.8 -47.5 373.2 
W C 1800.9 196.7 1707.2 1047.8 1180.9 735.6 
F 1442.043712 455.228792 0.701635 
D C 120.7 -424.8 560.1 299.9 791.8 1126.0 -41.8 374.4 
W C 1820.7 200.5 1684.1 1065.6 1315.9 1872.1 1159.3 722.8 
F 1460.589679 482.177408 0.804915 
D C 45.3 -442.5 558.3 237.8 874.6 1034.6 -34.7 373.1 
W C 1821.8 199.6 1682.9 1066.9 1316.8 1871.5 1158.5 723.0 
F 1472.563489 500.264895 0.807909 
D C 8.6 -446.6 556.9 207.5 -31.4 374.2 
W C 1801.2 198.0 1707.3 1045.9 1180.5 736.1 
F 1495.194885 536.634865 1.008216 
D C -104.3 -453.2 534.5 120.4 998.4 846.7 194.9 1410.6 -21.0 374.8 
W C 1829.7 199.8 1682.2 1063.8 1307.7 1859.9 383.2 1473.0 1160.1 722.6 
F 1506.628026 562.293593 1.122274 
D C -178.0 -446.0 512.5 55.6 1055.3 725.2 322.9 1383.0 -9.3 369.3 -318.6 961.9 
W C 1838.5 200.7 1682.6 1059.1 1306.4 1855.8 375.8 1472.8 1162.3 717.4 479.4 695.2 
F 1529.539576 599.725450 1.271455 
D C 488.7 -19.1 1115.7 575.6 473.2 1325.7 13.1 361.8 -220.7 993.5 
W C 1696.1 1073.0 1302.8 1867.5 373.2 1464.6 1178.8 722.0 489.0 684.0 
F 1531.646701 629.255052 1.400671 
D C 456.0 -83.1 1153.1 425.6 612.4 1247.4 33.3 351.8 
W C 1694.5 1075.0 1302.1 1866.7 379.0 1463.5 1182.4 723.8 
F 1518.554474 667.124412 1.581390 
D C 388.3 -177.5 791.3 1096.5 58.8 334.4 
W C 1695.0 1064.2 394.3 1460.5 1177.7 723.4 
F 1519.884836 686.999334 1.655857 
D C 361.4 -204.4 1167.8 112.3 848.8 1048.9 66.9 327.2 
W C 1696.8 1073.2 1303.9 1867.8 376.8 1461.1 1180.5 726.8 
F 1509.112515 717.023304 1.793156 
D C 299.1 -257.6 1139.5 -48.1 958.3 919.4 80.4 309.7 
W C 1698.5 1073.2 1300.3 1863.5 376.9 1464.9 1182.4 727.3 
F 1495.727984 745.234009 1.922049 
D C 230.0 -296.1 1093.5 -195.8 1039.4 787.0 91.0 291.0 
W C 1699.0 1070.0 1299.2 1863.1 375.3 1465.7 1184.6 730.2 
F 1477.783494 771.429688 2.055627 
D C 160.0 -329.9 1025.6 -345.0 1108.0 642.3 100.3 272.9 
W C 1699.1 1072.3 1301.8 1859.5 372.9 1465.0 1184.2 732.2 
F 1466.349268 780.118776 2.117494 
D C 126.2 -345.2 988.0 -411.9 1127.3 564.2 103.5 264.0 
W C 1700.5 1073.5 1301.1 1861.0 375.4 1464.2 1181.0 730.2 
F 1439.778473 799.431301 2.297793 
D C 21.0 -374.4 861.3 -590.0 1181.2 351.4 111.6 238.2 
W C 1713.6 1072.0 1304.1 1866.6 360.3 1468.2 1179.9 722.2 
F 1405.606351 828.347094 2.386184 
D C -50.1 -379.6 773.3 -670.2 1165.1 240.1 99.6 227.0 
W C 1707.1 1074.2 1300.5 1862.7 376.6 1462.3 1173.8 729.8 
F 1375.627201 853.361532 2.428611 
D C -106.3 -380.6 702.3 -697.0 1136.0 194.4 558.8 694.9 69.4 222.0 
W C 1710.6 1075.5 1299.0 1856.8 372.4 1459.5 483.5 690.5 1174.6 728.8 
F 1361.197299 894.485994 2.487085 
D C 638.2 -720.6 1103.8 147.3 549.8 679.4 42.0 219.2 
W C 1292.0 1877.3 373.1 1462.6 491.4 685.4 1190.5 742.7 
F 1324.813837 926.727323 2.494267 
D C 583.9 -723.9 1056.0 144.2 505.9 678.8 -5.6 223.2 
W C 1294.8 1881.1 370.7 1462.4 490.3 684.0 1191.3 740.5 
F 1309.555858 938.527938 2.493973 
D C 568.0 -722.2 1029.5 143.8 487.8 675.9 -21.7 225.9 
W C 1291.7 1882.3 377.0 1458.7 491.0 687.0 1187.3 740.0 
F 1276.610754 954.454876 2.485472 
D C 539.2 -725.9 994.3 145.1 452.1 682.3 
W C 1292.6 1880.0 379.5 1457.6 483.9 683.4 
F 1254.627764 976.334787 2.491203 
D C 502.1 -721.1 959.5 143.1 423.8 679.6 
W C 1292.8 1880.0 379.4 1457.2 483.9 683.8 
F 1229.467486 996.690585 2.489077 
D C 472.7 -720.6 927.4 144.1 389.9 684.6 
W C 1293.2 1882.0 380.4 1458.7 482.3 680.3 
F 1204.519398 1018.008223 2.494404 
D C 439.7 -722.3 894.6 141.8 365.5 685.0 
W C 1291.5 1882.1 383.7 1455.8 480.8 683.0 
F 1174.454947 1039.687654 2.490379 
D C 408.0 -724.1 862.3 144.8 327.5 688.2 
W C 1291.5 1881.7 383.2 1456.5 481.4 682.8 
F 1137.825503 1071.391524 2.487686 
D C 363.4 -720.5 813.0 149.4 278.9 692.8 
W C 1291.2 1882.6 384.6 1456.0 480.2 682.4 
F 1124.140338 1079.284272 2.488959 
D C 347.9 -722.6 793.1 145.8 265.8 690.5 
W C 1290.7 1884.4 387.5 1454.3 477.8 682.4 
F 1096.593173 1101.940952 2.490048 
D C 313.2 -723.1 758.5 146.6 233.0 692.6 
W C 1290.5 1884.8 388.4 1453.3 477.2 682.9 
F 1057.669188 1130.756476 2.490712 
D C 264.4 -723.1 708.3 143.7 184.1 692.2 
W C 1292.0 1887.3 388.5 1454.6 475.5 679.1 
F 1043.108296 1142.416301 2.489301 
D C 249.0 -721.9 691.2 144.6 166.4 693.4 
W C 1289.4 1885.2 390.3 1454.6 476.3 681.2 
F 1003.911164 1173.764111 2.489890 
D C 200.8 -723.4 644.3 145.2 118.3 697.5 
W C 1288.9 1885.3 391.1 1454.9 476.0 680.9 
F 992.537183 1201.641176 2.512032 
D C 625.4 147.0 103.3 700.2 
W C 382.9 1458.4 482.1 681.6 
F 967.298220 1205.111155 2.492723 
D C 153.4 -722.0 592.6 145.0 75.1 701.7 
W C 1288.4 1888.0 395.0 1453.1 472.6 680.0 
F 927.658287 1251.413478 2.513928 
D C 548.2 148.5 25.4 704.5 
W C 383.0 1458.4 482.0 681.6 
F 913.736576 1243.020796 2.486487 
D C 94.8 -727.4 530.3 145.4 6.0 704.9 
W C 1288.0 1888.5 395.9 1454.4 472.1 678.1 
F 882.519667 1261.657151 2.593573 
D C -17.4 -730.3 501.2 85.8 46.7 697.9 
W C 1286.8 1889.9 399.3 1453.8 469.9 677.3 
F 870.545035 1264.054643 2.653463 
D C -69.5 -734.5 488.2 51.5 80.8 694.3 
W C 1284.7 1892.8 405.9 1451.3 465.4 676.8 
F 848.292041 1263.823901 2.806568 
D C -201.2 -720.6 470.1 -31.4 163.9 665.1 
W C 1285.0 1892.3 404.7 1452.3 466.3 676.4 
F 825.060876 1267.071836 2.950024 
D C -325.3 -689.0 438.1 -100.9 236.4 637.5 
W C 1283.2 1892.0 407.2 1452.6 465.6 676.4 
F 790.371957 1287.116332 3.161470 
D C 394.8 -176.1 312.9 586.5 
W C 382.8 1459.3 482.2 680.7 
F 753.985301 1271.701980 3.402202 
D C 305.4 -271.4 408.1 491.9 
W C 383.0 1458.2 482.0 681.8 
F 745.516612 1264.028558 3.477842 
D C 272.6 -298.5 432.8 455.2 
W C 382.8 1459.6 482.2 680.4 
F 734.889018 1254.461999 3.648536 
D C 197.6 -343.3 477.5 375.6 -139.4 637.0 
W C 382.9 1466.2 491.1 673.6 1182.0 747.2 
F 722.258307 1237.608355 3.801119 
D C 121.6 -374.7 509.4 295.3 -59.8 642.2 
W C 383.8 1468.0 492.0 670.8 1180.2 748.3 
F 710.351324 1215.486684 3.945070 
D C 44.4 -397.5 526.6 212.9 9.4 643.2 
W C 383.4 1467.2 491.3 672.0 1181.3 747.9 
F 701.591930 1180.487291 4.174022 
D C -79.6 -408.3 527.6 77.0 122.2 616.6 
W C 382.8 1466.3 491.2 673.6 1182.0 747.1 
F 685.551851 1171.011399 4.273353 
D C -117.1 -404.9 518.4 38.6 154.2 601.9 -301.8 992.1 
W C 367.8 1450.0 499.6 683.8 1166.4 774.3 1715.3 1021.9 
F 670.669797 1130.643900 4.507536 
D C 484.2 -80.6 250.5 552.4 -114.8 1028.0 
W C 491.7 669.0 1164.8 770.0 1709.5 1033.1 
F 675.527898 1118.421780 4.589219 
D C 463.7 -129.5 284.9 522.4 -45.0 1028.0 
W C 487.9 668.9 1164.7 767.3 1713.4 1035.8 
F 681.710855 1095.453049 4.730420 
D C 417.6 -200.3 332.5 472.9 77.4 1016.9 
W C 486.6 668.9 1166.6 767.4 1712.8 1035.7 
F 704.594989 1056.690025 4.890079 
D C 340.7 -282.7 370.5 402.0 195.8 988.2 
W C 486.2 670.8 1166.4 762.6 1713.4 1038.6 
F 707.696301 1036.786866 4.898110 
D C 319.3 -281.9 353.5 402.9 185.7 984.8 
W C 490.0 671.6 1168.0 764.3 1707.9 1036.1 
F 717.867293 982.410318 4.961391 
D C 240.6 -305.9 991.3 835.3 327.0 374.9 198.7 971.5 
W C 475.6 667.2 1794.4 211.4 1171.3 753.1 1729.7 1030.3 
F 724.387432 960.382766 4.972654 
D C 214.0 -309.4 977.9 824.1 314.1 371.6 186.3 971.4 
W C 475.8 668.4 1792.5 213.4 1172.7 748.5 1730.0 1031.7 
F 729.744663 928.123232 4.978397 
D C 178.8 -306.2 951.2 821.8 285.9 373.9 158.4 970.3 
W C 476.3 670.1 1793.4 212.5 1174.3 747.1 1727.0 1032.4 
F 739.134383 879.530307 4.979503 
D C 128.9 -302.7 907.0 823.3 235.7 375.3 107.0 971.2 
W C 475.2 670.6 1796.4 206.9 1173.1 748.3 1726.3 1036.2 
F 743.444839 864.300676 4.980431 
D C 113.7 -302.3 890.0 822.9 222.3 376.8 94.9 971.5 
W C 476.5 670.6 1794.3 210.6 1174.6 747.3 1725.6 1033.5 
F 761.922409 816.773628 4.978657 
D C 66.0 -310.7 840.0 820.9 174.6 375.8 44.1 974.0 
W C 475.1 669.0 1790.9 213.0 1176.8 746.1 1728.2 1033.9 
F 771.738015 785.553388 4.976913 
D C 33.1 -313.4 805.3 821.5 142.7 377.7 11.2 970.1 
W C 473.1 669.8 1791.5 213.9 1180.2 745.9 1726.3 1032.3 
F 774.999835 770.620550 4.976895 
D C 19.5 -314.1 787.0 817.8 126.4 379.8 -3.7 969.8 
W C 471.1 667.7 1789.3 214.2 1182.4 747.4 1728.1 1032.7 
F 793.233120 721.230343 4.976381 
D C -32.5 -322.0 739.6 817.2 75.5 375.2 -57.4 971.4 
W C 468.9 667.7 1790.5 212.7 1181.1 746.6 1730.5 1035.0 
F 798.188144 706.023562 4.978768 
D C -47.5 -322.1 722.7 813.6 62.7 376.4 -69.6 973.6 
W C 470.6 666.6 1786.2 216.6 1182.9 745.2 1731.3 1033.7 
F 829.471188 670.024720 5.012861 
D C -112.3 -327.2 725.8 768.1 37.2 368.9 
W C 475.3 680.7 1801.0 192.8 1201.7 745.5 
F 826.855715 640.031208 5.081059 
D C 737.4 716.2 29.7 360.8 
W C 1805.3 189.7 1190.7 747.3 
F 838.960939 612.884145 5.147513 
D C 749.0 659.2 21.4 352.5 
W C 1808.3 187.0 1187.7 750.0 
F 859.682131 585.630669 5.207674 
D C 758.7 612.0 13.7 349.5 
W C 1805.9 189.2 1190.1 747.8 
F 869.340105 568.964915 5.240777 
D C 758.2 585.2 7.2 348.2 
W C 1805.6 189.4 1190.4 747.6 
F 901.025143 534.790985 5.334653 
D C 770.6 508.9 -4.5 342.3 
W C 1806.0 189.1 1190.0 747.9 
F 907.634872 520.862065 5.373003 
D C 766.6 476.4 -6.5 341.0 
W C 1806.7 188.5 1189.3 748.5 
F 947.002533 456.170809 5.524165 
D C 760.5 392.3 151.5 927.9 -23.1 337.4 
W C 1797.4 209.1 1721.6 1044.9 1170.0 725.9 
F 964.747008 436.127172 5.589167 
D C 755.6 338.4 180.4 910.6 -30.4 337.6 
W C 1801.1 202.0 1721.2 1049.3 1166.7 728.7 
F 980.083247 430.366392 5.648253 
D C 757.7 290.3 220.0 892.9 -24.9 334.6 
W C 1800.5 204.1 1721.3 1047.5 1167.2 728.4 
F 1027.416515 417.306520 5.791975 
D C 753.6 172.2 303.5 850.2 -19.5 330.7 
W C 1798.9 206.7 1719.2 1044.8 1171.0 728.5 
F 1057.408028 410.097297 5.879963 
D C 738.4 98.5 347.6 819.4 -20.3 325.7 
W C 1799.0 204.4 1719.8 1047.8 1170.2 727.8 
F 1087.627062 408.006941 5.970457 
D C 717.3 27.0 393.3 776.9 -18.0 321.5 
W C 1798.5 207.3 1718.7 1044.2 1171.8 728.5 
F 1120.487573 406.751844 6.063270 
D C 686.3 -48.0 429.1 732.3 -16.8 318.1 
W C 1798.6 204.6 1715.5 1045.5 1175.0 729.9 
F 1132.354746 407.110887 6.103090 
D C 674.1 -78.4 446.2 710.7 -17.8 317.5 
W C 1800.7 203.3 1715.4 1044.7 1172.9 732.0 
F 1177.606564 411.496857 6.256315 
D C 609.6 -186.5 504.6 627.4 -14.5 310.6 
W C 1801.8 202.1 1716.0 1045.3 1171.2 732.6 
F 1207.428328 395.648268 6.403775 
D C 563.9 -251.5 530.6 579.1 277.6 1401.2 -14.4 307.3 
W C 1822.8 206.0 1684.1 1061.8 1319.1 1881.2 1154.0 712.0 
F 1246.334375 429.602058 6.392311 
D C 514.5 -280.6 518.6 548.9 -35.7 302.6 
W C 1800.4 201.7 1712.2 1045.1 1176.4 733.2 
F 1283.899828 437.612539 6.448463 
D C 462.0 -312.3 514.2 521.3 -55.7 302.8 
W C 1799.3 201.8 1712.3 1046.3 1177.5 731.9 
F 1283.611316 403.104009 6.520388 
D C 438.5 -324.7 505.4 512.4 343.0 1356.1 
W C 1814.4 178.6 1675.4 1054.7 1299.2 1880.7 
F 1340.526099 431.649092 6.502396 
D C 383.7 -330.5 458.1 506.2 
W C 1806.0 182.3 1692.0 1050.7 
F 1357.301435 424.052817 0.244067 
D C 366.5 -329.6 439.9 510.8 282.2 1358.8 
W C 1813.4 181.7 1675.3 1054.9 1300.2 1877.4 
F 1409.091712 436.424196 0.246471 
D C 314.1 -329.4 389.6 509.6 234.2 1355.6 
W C 1813.4 181.4 1675.3 1055.3 1300.2 1877.3 
F 1451.473063 458.291627 0.221204 
D C 281.4 -334.0 358.1 509.2 
W C 1805.0 189.9 1693.0 1043.1 
F 1460.400030 448.340794 0.248912 
D C 264.3 -331.8 342.2 513.0 188.3 1362.5 
W C 1813.7 180.2 1675.0 1056.3 1300.2 1877.5 
F 1518.006573 469.049200 0.225616 
D C 211.3 -333.1 291.9 512.5 
W C 1805.7 184.5 1692.3 1048.5 
F 1570.849952 482.144522 0.220571 
D C 162.4 -332.1 238.8 514.0 
W C 1805.0 189.8 1693.0 1043.2 
F 1589.788179 484.039602 0.222038 
D C 143.5 -331.4 221.4 517.6 
W C 1805.1 189.2 1692.9 1043.8 
F 1609.984136 487.589688 0.280530 
D C 109.7 -338.3 205.5 510.3 87.2 1366.9 
W C 1816.8 181.6 1668.3 1055.9 1304.0 1876.6 
F 1641.096919 504.537487 0.352216 
D C 51.7 -354.2 204.8 495.6 152.2 1344.3 
W C 1819.0 176.6 1663.3 1063.0 1306.7 1874.4 
F 1669.399135 525.453131 0.411824 
D C -2.0 -366.8 201.7 479.7 201.0 1334.0 
W C 1819.4 176.9 1662.0 1063.7 1307.6 1873.3 
F 1714.708768 554.529913 0.515082 
D C -89.3 -367.3 193.6 452.6 287.5 1303.5 
W C 1821.5 178.2 1658.3 1060.9 1309.1 1875.0 
F 1733.488234 564.238338 0.491708 
D C -114.9 -367.4 192.3 445.6 
W C 1805.1 189.5 1692.9 1043.5 
F 1733.488234 564.238338 0.491708 
D C 188.6 433.5 
W C 
F 1830.429349 593.103676 0.700141 
D C 180.2 421.1 -535.6 1553.0 
W C 1693.3 1042.9 382.7 1458.1 
F 1857.952812 612.360612 0.807704 
D C 191.5 396.3 -394.3 1589.8 
W C 1697.7 1041.5 378.3 1459.5 
F 1868.856765 621.844074 0.849861 
D C 195.4 385.9 -341.6 1607.4 
W C 1701.1 1040.4 374.9 1460.6 
F 1889.529466 674.153748 0.998418 
D C 197.8 352.4 -152.7 1641.1 
W C 1694.6 1042.5 381.4 1458.5 
F 1889.529466 674.153748 0.998418 
D C 201.8 323.6 
W C 
F 1937.644797 728.998147 1.179031 
D C 186.7 307.7 73.9 1631.5 
W C 1711.1 1037.3 364.9 1463.7 
F 1937.155865 782.457742 1.227777 
D C 156.7 300.3 108.7 1625.6 
W C 1697.2 1041.7 378.8 1459.3 
F 1941.226452 836.980897 1.277198 
D C 777.9 870.3 142.8 297.7 130.5 1647.7 
W C 1316.6 1860.8 1690.9 1065.9 359.5 1455.2 
F 1963.720989 882.838417 1.296685 
D C 744.5 853.8 91.7 296.6 109.0 1630.4 
W C 1316.9 1871.1 1691.9 1058.6 358.1 1452.3 
F 1988.188786 899.748754 1.386297 
D C 769.1 794.2 75.3 286.5 
W C 1288.7 1885.9 1695.3 1038.1 
F 1983.540831 943.343698 1.463154 
D C 796.1 731.6 59.8 275.2 
W C 1289.4 1884.4 1694.6 1039.6 
F 1986.214025 984.613823 1.529611 
D C 798.9 673.2 39.8 269.8 
W C 1289.6 1884.0 1694.4 1040.0 
F 1963.500015 1020.678577 1.545276 
D C 806.7 646.7 27.1 268.4 -373.5 1413.0 
W C 1308.2 1882.4 1683.3 1056.2 474.5 667.4 
F 1961.312692 1076.625063 1.643635 
D C 816.6 568.6 474.0 1516.4 -0.2 265.4 
W C 1314.5 1874.7 364.4 1450.8 1688.1 1056.5 
F 1957.681823 1114.366957 1.726404 
D C 572.4 1473.6 -29.0 267.1 
W C 382.8 1458.1 1693.2 1042.9 
F 1921.254198 1177.891558 1.787261 
D C 817.8 457.5 599.2 1437.2 
W C 1294.9 1882.8 379.1 1456.2 
F 1896.099961 1216.196552 1.856700 
D C 813.0 394.5 662.2 1391.8 
W C 1291.7 1881.3 382.3 1457.7 
F 1875.236006 1251.446240 1.917742 
D C 801.2 338.3 710.7 1352.0 
W C 1292.3 1881.6 381.7 1457.4 
F 1887.774801 1260.517086 1.980946 
D C 783.6 281.0 764.5 1295.6 35.1 1477.0 
W C 1305.0 1880.4 361.8 1449.0 489.1 691.5 
F 1857.030366 1295.393642 2.066256 
D C 764.5 209.6 833.2 1216.3 116.1 1466.2 
W C 1300.0 1877.8 366.4 1452.7 489.6 690.6 
F 1856.768539 1294.599351 2.083927 
D C 750.4 188.6 850.1 1201.2 138.7 1465.5 -131.7 814.5 
W C 1311.5 1869.0 358.5 1449.1 480.3 681.9 1196.6 767.9 
F 1834.443373 1324.276382 2.157146 
D C 727.1 133.6 899.2 1132.4 210.0 1454.1 -106.8 819.3 
W C 1309.5 1867.6 362.1 1449.4 477.9 680.8 1197.4 770.1 
F 1815.894990 1350.644488 2.223262 
D C 698.3 82.3 944.5 1076.4 270.3 1433.5 -82.0 825.8 
W C 1315.1 1867.3 354.0 1449.8 482.4 679.9 1195.4 771.0 
F 1790.137670 1379.884042 2.288665 
D C 666.6 37.4 967.4 1005.2 325.5 1413.6 -64.3 828.6 
W C 1311.9 1869.3 361.9 1449.0 479.4 678.1 1193.8 771.6 
F 1756.326178 1412.145547 2.381903 
D C 622.5 -24.4 1014.1 914.9 411.7 1376.0 -33.9 834.3 
W C 1311.8 1868.8 359.7 1448.0 481.7 681.7 1193.8 769.5 
F 1742.200297 1422.426119 2.422436 
D C 604.6 -51.6 1023.5 862.5 449.3 1363.5 -13.3 827.0 
W C 1310.4 1870.9 369.2 1448.4 473.9 673.6 1193.6 775.1 
F 1713.521605 1444.116220 2.483942 
D C 568.7 -89.3 1040.7 798.1 498.2 1330.7 -0.6 831.2 
W C 1308.2 1872.8 369.5 1448.7 475.9 676.9 1193.4 769.6 
F 1690.405487 1461.792141 2.553179 
D C 527.9 -130.1 1061.6 724.8 555.9 1288.5 29.9 827.4 
W C 1312.3 1875.2 366.0 1447.8 477.0 675.3 1191.6 769.7 
F 1661.216434 1474.712250 2.612086 
D C 489.8 -161.4 1074.0 658.4 599.7 1250.5 49.9 822.7 
W C 1310.5 1872.1 366.6 1448.3 480.0 676.8 1189.8 770.8 
F 1610.886225 1496.217431 2.683725 
D C 424.9 -203.8 1063.6 573.7 634.1 1206.3 54.5 815.3 
W C 1311.5 1877.5 368.5 1450.4 477.2 671.4 1189.8 768.6 
F 1594.156047 1503.115715 2.679678 
D C 408.4 -202.0 1043.3 583.6 616.2 1207.9 36.9 814.5 
W C 1311.7 1875.1 370.1 1444.2 476.9 676.2 1188.2 772.6 
F 1568.209309 1518.325757 2.677919 
D C 380.0 -201.3 1007.7 584.2 584.3 1208.8 4.4 815.2 
W C 1311.2 1878.3 372.2 1444.4 474.5 675.0 1189.1 770.3 
F 1550.330897 1524.120188 2.653375 
D C 962.2 581.7 529.8 1207.7 -43.5 821.1 
W C 386.8 1459.4 478.3 676.2 1190.9 751.3 
F 1505.737065 1551.442374 2.680893 
D C 314.8 -199.0 943.1 578.1 513.7 1211.2 -58.9 823.9 
W C 1307.1 1878.0 375.0 1450.3 480.9 672.4 1183.9 767.2 
F 1461.362154 1576.678670 2.681939 
D C 265.7 -198.0 891.4 580.9 465.3 1208.9 -108.0 828.4 
W C 1306.9 1880.2 375.4 1448.1 481.6 675.3 1183.1 764.4 
F 1473.338670 1582.696752 2.665038 
D C 869.8 582.1 451.0 1216.1 -123.8 830.4 
W C 390.0 1459.5 474.8 672.6 1191.2 754.9 
F 1433.916702 1614.623328 2.666335 
D C 819.7 578.2 395.0 1211.1 -171.4 832.0 
W C 385.0 1467.8 478.0 668.4 1193.0 750.8 
F 1406.842764 1638.372690 2.673775 
D C 786.8 577.0 369.8 1208.9 -199.2 836.0 
W C 384.0 1468.1 476.8 668.9 1195.2 749.9 
F 1390.797792 1640.477553 2.709295 
D C 791.9 547.7 397.6 1194.2 -178.9 841.8 
W C 387.1 1465.3 479.4 669.3 1189.5 752.4 
F 1354.924558 1648.252093 2.783875 
D C 800.5 487.3 456.3 1164.3 -151.4 853.1 
W C 388.1 1463.2 477.8 670.6 1190.1 753.2 
F 1324.030778 1666.618019 2.844272 
D C 792.5 440.1 486.3 1136.8 -131.6 864.4 
W C 386.5 1467.1 480.2 667.9 1189.3 751.9 
F 1272.711910 1675.217464 2.949280 
D C 783.9 354.0 551.8 1073.5 -89.2 871.4 
W C 385.6 1465.8 481.4 670.4 1189.0 750.8 
F 1248.394294 1678.295222 2.992679 
D C 773.2 321.0 577.4 1051.0 -73.1 872.3 
W C 388.9 1463.8 479.2 669.2 1187.9 754.0 
F 1215.988213 1686.258596 3.060899 
D C 760.3 264.8 611.3 1007.6 -49.1 875.8 
W C 384.3 1469.9 478.9 666.9 1192.8 750.2 
F 1161.889673 1683.958244 3.065209 
D C 717.7 259.9 567.3 1010.5 -90.0 879.8 
W C 386.3 1468.4 484.0 667.0 1185.8 751.5 
F 1140.736148 1686.455598 3.070488 
D C 700.2 258.4 553.8 1008.0 -106.8 882.8 
W C 385.7 1467.3 483.4 668.8 1186.9 750.9 
F 1088.119533 1692.321485 3.066795 
D C 647.3 264.1 502.1 1014.8 -159.5 883.0 
W C 388.3 1466.2 481.7 667.2 1186.0 753.5 
F 1066.062727 1693.047733 3.071149 
D C 631.6 262.2 485.8 1013.0 -177.4 888.3 
W C 386.5 1465.6 483.5 670.0 1186.0 751.4 
F 1033.109566 1696.519284 3.067050 
D C 597.3 265.3 449.4 1015.8 -211.3 886.6 
W C 387.5 1465.6 483.6 668.9 1184.9 752.4 
F 984.241508 1708.348301 3.069039 
D C 549.5 266.6 401.0 1013.9 -258.8 889.9 
W C 383.7 1469.1 483.2 668.8 1189.1 749.1 
F 963.828163 1706.951302 3.073780 
D C 534.7 265.6 387.7 1016.7 -272.4 895.5 
W C 385.1 1466.9 485.6 670.0 1185.3 750.0 
F 903.529509 1699.383720 3.068136 
D C 487.4 268.7 335.3 1017.6 
W C 382.7 1460.2 482.3 679.8 
F 868.405246 1696.315962 3.068564 
D C 455.4 265.9 303.6 1014.8 
W C 382.9 1458.6 482.1 681.4 
F 848.122265 1704.206480 3.076554 
D C 436.2 267.4 290.6 1016.7 
W C 382.9 1459.1 482.1 680.9 
F 802.071322 1707.030776 3.068497 
D C 389.4 271.1 237.9 1018.8 
W C 382.9 1458.6 482.1 681.4 
F 784.707166 1709.308797 3.066291 
D C 372.0 272.8 218.6 1021.1 
W C 382.9 1458.8 482.1 681.2 
F 737.980651 1711.002238 3.065898 
D C 327.8 272.8 173.6 1023.7 
W C 383.0 1458.4 482.0 681.6 
F 721.162493 1712.497353 3.063388 
D C 311.1 273.8 154.6 1026.0 
W C 382.9 1458.8 482.1 681.2 
F 684.353519 1718.793671 3.065190 
D C 275.0 275.4 119.7 1028.7 
W C 382.8 1459.7 482.2 680.3 
F 643.702768 1722.881329 3.073243 
D C 236.5 272.9 87.6 1026.0 
W C 382.7 1460.3 482.3 679.7 
F 646.275964 1721.596399 3.073187 
D C 238.9 274.0 90.6 1024.0 
W C 383.0 1458.4 482.0 681.6 
F 648.978245 1723.022036 3.070857 
D C 240.1 275.4 90.5 1022.8 
W C 383.0 1458.3 482.0 681.7 
F 649.626244 1723.656908 3.070402 
D C 239.5 274.7 90.1 1019.0 
W C 382.9 1458.5 482.1 681.5 
F 645.807167 1721.490554 3.073640 
D C 238.7 273.7 90.6 1024.2 
W C 382.9 1458.5 482.1 681.5 
F 645.502351 1721.113125 3.073830 
D C 238.7 273.7 90.6 1024.6 
W C 383.0 1458.3 482.0 681.7 
F 646.753859 1721.769190 3.072747 
D C 239.2 274.3 90.6 1024.1 
W C 383.0 1458.3 482.0 681.7 
