F 1850.000000 1897.000000 3.717551 
F 1850.000000 1897.000000 3.717551 
F 1850.000000 1897.000000 3.717551 
F 1850.000000 1897.000000 3.717551 
F 1850.000000 1897.000000 3.717551 
F 1850.000000 1897.000000 3.717551 
F 1850.000000 1897.000000 3.717551 
F 1850.000000 1897.000000 3.717551 
F 1850.000000 1897.000000 3.717551 
F 1850.000000 1897.000000 3.717551 
F 1850.000000 1897.000000 3.717551 
F 1850.000000 1897.000000 3.717551 
F 1850.000000 1897.000000 3.717551 
F 1829.218582 1883.504389 3.717551 
F 1792.046186 1859.364353 3.717551 
F 1754.376211 1835.029510 3.715498 
F 1716.568165 1810.586882 3.715498 
F 1716.568165 1810.586882 3.715498 
F 1679.053204 1786.333732 3.715498 
F 1641.450209 1761.895515 3.717551 
F 1603.780234 1737.560671 3.715498 
F 1566.177239 1713.122454 3.717551 
F 1566.177239 1713.122454 3.717551 
F 1528.507264 1688.787611 3.715498 
F 1490.904270 1664.349394 3.717551 
F 1490.904270 1664.349394 3.717551 
F 1453.234294 1640.014550 3.715498 
F 1415.631300 1615.576333 3.717551 
F 1377.961325 1591.241489 3.715498 
F 1340.358330 1566.803272 3.717551 
F 1302.688355 1542.468429 3.715498 
F 1302.688355 1542.468429 3.715498 
F 1265.085360 1518.030212 3.717551 
F 1227.415385 1493.695368 3.715498 
F 1189.607338 1469.252740 3.715498 
F 1189.607338 1469.252740 3.715498 
F 1152.092377 1444.999590 3.715498 
F 1114.489383 1420.561373 3.717551 
F 1076.819408 1396.226530 3.715498 
F 1039.011361 1371.783902 3.715498 
F 1039.011361 1371.783902 3.715498 
F 1001.496400 1347.530752 3.715498 
F 963.893406 1323.092535 3.717551 
F 926.223430 1298.757691 3.715498 
F 926.223430 1298.757691 3.715498 
F 888.620436 1274.319474 3.717551 
F 850.950461 1249.984630 3.715498 
F 813.142414 1225.542002 3.715498 
F 775.041282 1200.909897 3.715498 
F 775.041282 1200.909897 3.715498 
F 737.438287 1176.471680 3.717551 
F 699.768312 1152.136836 3.715498 
F 662.165317 1127.698619 3.717551 
F 662.165317 1127.698619 3.717551 
F 624.495342 1103.363776 3.715498 
F 586.892348 1078.925559 3.717551 
F 549.222372 1054.590715 3.715498 
F 549.222372 1054.590715 3.715498 
F 511.619378 1030.152498 3.717551 
F 473.949403 1005.817654 3.715498 
F 436.700793 980.839646 3.729869 
F 402.385527 952.410551 3.818145 
F 402.385527 952.410551 3.818145 
F 370.243465 920.800271 3.904369 
F 341.143733 886.593294 3.992645 
F 315.196306 850.154723 4.078869 
F 292.483242 811.617011 4.165092 
F 292.483242 811.617011 4.165092 
F 273.353068 771.370429 4.253369 
F 257.564338 728.955432 4.341645 
F 245.912271 686.304958 4.429922 
F 237.690451 642.159793 4.514092 
F 237.690451 642.159793 4.514092 
F 237.197238 596.408985 4.676275 
F 244.690305 552.293252 4.850775 
F 258.959403 510.649420 5.012957 
F 258.959403 510.649420 5.012957 
F 277.596626 473.925860 5.150504 
F 301.778592 439.300913 5.292157 
F 329.865777 408.724193 5.425598 
F 329.865777 408.724193 5.425598 
F 361.718843 382.356716 5.561092 
F 395.933839 360.451123 5.684269 
F 434.567101 342.951208 5.827975 
F 474.524702 331.031713 5.963469 
F 474.524702 331.031713 5.963469 
F 515.388444 324.705876 6.098963 
F 557.092142 324.125255 6.238563 
F 598.486367 329.145461 0.090872 
F 598.486367 329.145461 0.090872 
F 642.633113 334.783657 0.121666 
F 687.134944 340.333315 0.123719 
F 731.651849 345.760722 0.121666 
F 775.647206 351.140030 0.121666 
F 775.647206 351.140030 0.121666 
F 820.149036 356.689688 0.123719 
F 864.825922 362.245440 0.123719 
F 909.849139 367.844260 0.123719 
F 954.366045 373.271667 0.121666 
F 954.366045 373.271667 0.121666 
F 998.867876 378.821324 0.123719 
F 1042.852096 384.290941 0.123719 
F 1087.528981 389.846693 0.123719 
F 1087.528981 389.846693 0.123719 
F 1131.859534 395.359377 0.123719 
F 1176.536419 400.915129 0.123719 
F 1220.866971 406.427813 0.123719 
F 1265.543856 411.983565 0.123719 
F 1265.543856 411.983565 0.123719 
F 1309.574524 418.431722 0.142195 
F 1353.482817 429.403405 0.230472 
F 1394.583230 447.407938 0.386495 
F 1394.583230 447.407938 0.386495 
F 1432.054688 472.494505 0.560995 
F 1463.041109 500.693803 0.706754 
F 1490.015532 532.478058 0.838142 
F 1490.015532 532.478058 0.838142 
F 1512.185326 567.171337 0.971584 
F 1529.730231 604.011890 1.096813 
F 1542.397698 643.738702 1.232307 
F 1547.202296 680.692431 1.392437 
F 1547.202296 680.692431 1.392437 
F 1545.622773 717.606352 1.560778 
F 1538.077219 753.760554 1.725013 
F 1524.722063 788.194571 1.889248 
F 1524.722063 788.194571 1.889248 
F 1504.813735 820.788381 2.067854 
F 1479.975822 848.867007 2.242354 
F 1451.202567 872.045277 2.410695 
F 1418.362706 894.096983 2.521554 
F 1418.362706 894.096983 2.521554 
F 1381.642892 920.446396 2.519501 
F 1345.419056 946.289467 2.521554 
F 1309.062475 972.246866 2.521554 
F 1309.062475 972.246866 2.521554 
F 1272.058833 998.799363 2.519501 
F 1235.551170 1024.845518 2.521554 
F 1199.115183 1050.991847 2.519501 
F 1199.115183 1050.991847 2.519501 
F 1163.095587 1076.820455 2.519501 
F 1126.587924 1102.866609 2.521554 
F 1090.151937 1129.012939 2.519501 
F 1053.644274 1155.059093 2.521554 
F 1017.208287 1181.205423 2.519501 
F 1017.208287 1181.205423 2.519501 
F 980.621453 1207.440780 2.519501 
F 944.318237 1233.472763 2.519501 
F 907.731403 1259.708120 2.519501 
F 907.731403 1259.708120 2.519501 
F 870.894526 1285.592174 2.527713 
F 830.135847 1304.357496 2.683737 
F 789.097456 1310.170638 2.942407 
F 755.556577 1306.859341 3.155913 
F 755.556577 1306.859341 3.155913 
F 722.826312 1296.243715 3.373525 
F 694.115425 1279.653195 3.580872 
F 669.155118 1257.005052 3.794378 
F 669.155118 1257.005052 3.794378 
F 649.342950 1228.846956 4.016095 
F 636.285832 1198.168983 4.225495 
F 629.865358 1165.636877 4.432842 
F 630.026277 1133.203426 4.631978 
F 630.026277 1133.203426 4.631978 
F 636.893154 1100.948098 4.837272 
F 650.269834 1070.430536 5.042566 
F 666.848407 1030.242818 5.093890 
F 666.848407 1030.242818 5.093890 
F 683.514947 988.984400 5.095942 
F 700.232019 947.558236 5.095942 
F 717.079693 905.808430 5.095942 
F 733.666162 864.705907 5.095942 
F 733.666162 864.705907 5.095942 
F 750.513836 822.956101 5.095942 
F 767.361510 781.206295 5.095942 
F 784.078582 739.780130 5.095942 
F 800.926256 698.030324 5.095942 
F 800.926256 698.030324 5.095942 
F 821.856107 657.715471 5.178060 
F 846.045361 619.876447 5.266337 
F 873.476385 584.317332 5.354613 
F 873.476385 584.317332 5.354613 
F 903.744037 551.379395 5.440837 
F 936.979020 520.920278 5.527060 
F 972.385265 493.862031 5.615337 
F 972.385265 493.862031 5.615337 
F 1010.478550 470.375712 5.713878 
F 1052.587962 454.243650 5.888378 
F 1096.526457 445.772955 6.062878 
F 1138.182058 443.688148 6.202478 
F 1138.182058 443.688148 6.202478 
F 1179.052393 446.600274 0.042469 
F 1218.719545 454.559306 0.167698 
F 1258.126341 468.189742 0.303192 
F 1298.215293 483.608215 0.356569 
F 1298.215293 483.608215 0.356569 
F 1340.077424 499.201470 0.356569 
F 1381.939554 514.794725 0.356569 
F 1423.474637 530.266157 0.356569 
F 1423.474637 530.266157 0.356569 
F 1465.789559 546.143300 0.358622 
F 1507.292793 561.699969 0.358622 
F 1549.449620 577.501624 0.358622 
F 1591.606448 593.303280 0.358622 
F 1591.606448 593.303280 0.358622 
F 1633.436479 608.982442 0.358622 
F 1674.322235 628.341008 0.430475 
F 1712.885860 651.010045 0.516698 
F 1712.885860 651.010045 0.516698 
F 1749.146417 676.912225 0.604975 
F 1783.538058 706.332134 0.693251 
F 1814.630819 738.006076 0.779475 
F 1814.630819 738.006076 0.779475 
F 1840.694343 774.944120 0.931392 
F 1859.739372 815.621287 1.103840 
F 1871.773919 856.487403 1.253704 
F 1879.798919 897.687752 1.356351 
F 1879.798919 897.687752 1.356351 
F 1889.379623 941.677530 1.356351 
F 1898.811789 984.985295 1.356351 
F 1905.077864 1029.425256 1.419992 
F 1907.395151 1073.920890 1.504163 
F 1907.395151 1073.920890 1.504163 
F 1905.652948 1118.974367 1.594492 
F 1899.949139 1163.871834 1.682769 
F 1890.496215 1207.594605 1.768992 
F 1890.496215 1207.594605 1.768992 
F 1877.167843 1250.481272 1.857269 
F 1860.380433 1291.568756 1.943492 
F 1839.526165 1332.128134 2.031769 
F 1816.028780 1369.371587 2.117992 
F 1816.028780 1369.371587 2.117992 
F 1788.828805 1405.322710 2.204216 
F 1758.251293 1438.929136 2.294545 
F 1725.159789 1469.544072 2.380769 
F 1725.159789 1469.544072 2.380769 
F 1689.881069 1496.768378 2.469045 
F 1652.057335 1520.981534 2.557322 
F 1612.149162 1541.949597 2.643545 
F 1571.210357 1559.096393 2.729769 
F 1571.210357 1559.096393 2.729769 
F 1529.137542 1574.192400 2.787251 
F 1487.114552 1589.853816 2.785198 
F 1444.922630 1605.561525 2.785198 
F 1444.922630 1605.561525 2.785198 
F 1403.057777 1621.147470 2.785198 
F 1360.991929 1636.693405 2.787251 
F 1318.968939 1652.354821 2.785198 
F 1276.449948 1668.184296 2.785198 
F 1276.449948 1668.184296 2.785198 
F 1233.093333 1679.850683 2.865263 
F 1189.725432 1687.494444 2.951487 
F 1144.640008 1691.446717 3.039763 
F 1144.640008 1691.446717 3.039763 
F 1099.558766 1691.506467 3.125987 
F 1054.912555 1689.410469 3.179363 
F 1010.094071 1687.824550 3.177310 
F 965.628876 1686.128359 3.179363 
F 965.628876 1686.128359 3.179363 
F 920.988737 1684.441481 3.179363 
F 876.170253 1682.855563 3.177310 
F 831.356294 1681.146551 3.179363 
F 831.356294 1681.146551 3.179363 
F 785.840281 1679.534991 3.177310 
F 741.545550 1677.952223 3.177310 
F 696.731591 1676.243211 3.179363 
F 696.731591 1676.243211 3.179363 
F 651.742701 1674.543154 3.179363 
F 606.924217 1672.957236 3.177310 
F 562.110258 1671.248224 3.179363 
F 519.035596 1669.726409 3.177310 
F 512.585717 1669.427679 3.179363 
F 512.585717 1669.427679 3.179363 
F 512.585717 1669.427679 3.179363 
F 512.585717 1669.427679 3.179363 
F 512.585717 1669.427679 3.179363 
F 512.585717 1669.427679 3.179363 
F 512.585717 1669.427679 3.179363 
F 512.585717 1669.427679 3.179363 
